10000
10000
10000
10000
10000
10000
10000
10000
10000
10000
9971.62
9970.64
9942.41
9941.15
9913.68
9910.97
9884.43
9880.24
9854.77
9851.49
9887.31
9883.45
9773.01
9768.07
9662.03
9651.99
9550.78
9535.23
9439.43
9427.65
9749.58
9740.97
9501.55
9490.8
9265.94
9246.19
9035.83
9005.06
8810.44
8788.29
9562.43
9547.34
9143.2
9125.02
8757.07
8728.24
8393.41
8348.05
8047.85
8017.25
9331.21
9308.06
8717.12
8690.53
8173.78
8139.4
7685.11
7630.22
7238.61
7204.11
9062.35
9029.74
8244.72
8209.52
7556.35
7521.99
6970.46
6914.41
6460.35
6427.03
8763.06
8719.77
7747.8
7704.63
6942.43
6914.28
6298.75
6251.35
5769.65
5741.2
8441.01
8386.03
7246.92
7197.19
6363.4
6346.77
5703.96
5674.45
5197.18
5174.93
8104.01
8036.51
6760.03
6705.75
5841.96
5840.08
5203.44
5198.72
4749.54
4732.52
7759.67
7679.05
6301.54
6245.07
5391.37
5404.78
4799.89
4823.31
4415.77
4401.44
7415.16
7321.01
5881.86
5825.61
5016.01
5042.66
4485.56
4536.4
4175.61
4160.61
7076.88
6969.06
5507.44
5453.46
4713.07
4748.96
4247.12
4320.73
4006.8
3987.49
6750.39
6629.01
5181.07
5130.83
4474.82
4514.99
4069.95
4158.43
3889.69
3862.49
6440.17
6305.63
4902.51
4856.67
4290.96
4330.5
3940.92
4034.36
3808.96
3770.91
6149.64
6002.7
4669.21
4627.61
4150.63
4185.42
3849.38
3937.53
3753.28
3702.86
5881.12
5722.89
4477.05
4438.83
4043.86
4071.02
3786.98
3861.1
3714.14
3652.09
5635.9
5467.89
4321.01
4284.86
3962.33
3980.28
3746.61
3801.27
3684.86
3614.42
5414.31
5238.47
4195.72
4160.18
3899.55
3907.86
3721.53
3755.91
3660.21
3586.5
5215.91
5034.58
4095.93
4059.7
3850.65
3849.75
3705
3723.22
3636.59
3564.98
5039.61
4855.49
4016.73
3978.91
3811.96
3802.93
3690.55
3700.93
3612.19
3546.35
4883.85
4699.91
3953.84
3913.95
3780.61
3764.96
3672.8
3686
3586.78
3527.29
4746.79
4566.16
3903.59
3861.58
3754.25
3733.77
3648.29
3674.9
3561.19
3505.13
4626.4
4452.26
3863.06
3819.02
3730.89
3707.5
3616.09
3664.07
3536.47
3478.32
4520.65
4356.03
3829.99
3783.87
3708.95
3684.5
3577.75
3650.59
3513.21
3446.55
4427.62
4275.23
3802.69
3754.09
3687.26
3663.28
3536.67
3632.6
3491.25
3410.65
4345.52
4207.61
3779.97
3727.9
3665.13
3642.65
3497.09
3609.47
3469.77
3372.34
4272.79
4150.96
3760.99
3703.86
3642.28
3621.71
3462.89
3581.59
3447.67
3333.97
4208.1
4103.19
3745.09
3680.87
3618.81
3600.01
3436.68
3550.04
3423.9
3298.26
4150.32
4062.35
3731.69
3658.24
3595.01
3577.53
3419.23
3516.05
3397.7
3267.9
4098.56
4026.66
3720.17
3635.65
3571.27
3554.74
3409.49
3480.74
3368.55
3244.96
4052.08
3994.54
3709.85
3613.1
3547.97
3532.41
3404.94
3445.03
3336.24
3230.19
4010.27
3964.62
3699.95
3590.88
3525.45
3511.5
3402.33
3409.72
3300.8
3222.5
3972.6
3935.73
3689.68
3569.38
3504.01
3492.87
3398.38
3375.75
3262.74
3218.98
3938.63
3906.96
3678.3
3549.04
3483.96
3477.05
3390.43
3344.24
3223.12
3215.64
3907.89
3877.58
3665.26
3530.18
3465.6
3464.04
3376.85
3316.42
3183.55
3208.64
3879.93
3847.13
3650.22
3512.98
3449.2
3453.23
3357.21
3293.33
3145.95
3195.57
3854.3
3815.32
3633.13
3497.46
3434.86
3443.52
3332.13
3275.43
3112.04
3176.16
3830.52
3782.08
3614.22
3483.46
3422.46
3433.43
3302.98
3262.37
3082.92
3152.2
3808.1
3747.49
3593.95
3470.75
3411.5
3421.46
3271.52
3253.07
3058.73
3126.72
3786.56
3711.82
3572.9
3459.08
3401.11
3406.4
3239.41
3246.05
3038.81
3102.88
3765.4
3675.42
3551.66
3448.26
3390.08
3387.53
3207.9
3239.96
3022.14
3083.03
3744.18
3638.76
3530.71
3438.19
3377.08
3364.81
3177.7
3233.96
3007.91
3068.32
3722.49
3602.34
3510.37
3428.9
3360.87
3338.9
3148.93
3227.84
2995.87
3058.74
3699.98
3566.71
3490.7
3420.47
3340.63
3310.99
3121.34
3221.78
2986.41
3053.31
3676.34
3532.39
3471.54
3413.02
3316.11
3282.62
3094.62
3215.81
2980.15
3050.45
3651.37
3499.88
3452.52
3406.6
3287.79
3255.37
3068.65
3209.33
2977.4
3048.1
3624.89
3469.58
3433.13
3401.08
3256.82
3230.59
3043.71
3200.97
2977.72
3044.05
3596.84
3441.84
3412.82
3396.18
3224.82
3209.13
3020.45
3188.84
2979.77
3036.26
3567.2
3416.85
3391.03
3391.38
3193.6
3191.23
2999.77
3171.23
2981.67
3023.37
