0.001
39.4121 37.374 15.1501 3.76771
-2.18124 37.374 15.1501 3.76771
40.6342 0.66833 25.2059 3.75341
-0.959134 42.2617 25.2059 3.75341
40.6342 42.2617 25.2059 3.75341
-0.959134 0.66833 25.2059 3.75341
8.93511 10.2707 18.6067 3.60823
28.1028 12.672 3.56885 3.60667
28.1028 12.672 45.1622 3.60667
41.1653 8.58488 11.2916 3.57066
-0.428043 8.58488 11.2916 3.57066
36.5213 22.3881 -1.59945 3.55293
36.5213 22.3881 39.9939 3.55293
20.4028 24.7136 5.4065 3.54784
35.3479 31.307 20.2026 3.54457
7.12742 23.2351 12.7908 3.54075
34.8747 10.2228 -2.98469 3.53478
34.8747 10.2228 38.6087 3.53478
37.9749 39.3534 -0.111812 3.4843
37.9749 39.3534 41.4815 3.4843
37.9749 -2.23992 -0.111812 3.4843
37.9749 -2.23992 41.4815 3.4843
21.9766 7.03103 17.8382 3.47408
17.7546 36.7649 8.70678 3.45349
31.1203 32.7101 2.04683 3.45148
31.1203 32.7101 43.6402 3.45148
18.2114 16.9729 33.599 3.44831
28.8785 25.4962 25.3361 3.44722
7.07345 11.4253 33.7921 3.44294
10.5012 29.7252 37.8498 3.43539
2.94823 37.5016 29.5537 3.42215
44.5416 37.5016 29.5537 3.42215
24.2528 28.3581 39.7339 3.42029
24.2528 28.3581 -1.85941 3.42029
1.82351 32.3541 4.88836 3.42009
43.4169 32.3541 4.88836 3.42009
30.2047 36.5462 36.0004 3.41736
1.80909 5.62463 30.678 3.41507
43.4024 5.62463 30.678 3.41507
17.2802 11.7105 5.62305 3.40573
28.2571 29.1245 16.2378 3.40543
13.9021 41.1724 17.4633 3.40373
13.9021 -0.420986 17.4633 3.40373
14.3362 31.3127 5.22659 3.40364
28.958 18.2405 14.9496 3.39476
35.3257 27.7986 27.4809 3.38956
37.6922 26.3522 10.9499 3.38565
18.8485 16.1443 15.0419 3.3831
0.867722 2.87772 40.0458 3.38182
42.4611 44.4711 40.0458 3.38182
0.867722 44.4711 40.0458 3.38182
42.4611 2.87772 40.0458 3.38182
42.4611 2.87772 -1.5475 3.38182
0.867722 44.4711 -1.5475 3.38182
0.867722 2.87772 -1.5475 3.38182
42.4611 44.4711 -1.5475 3.38182
21.4704 34.9647 31.2156 3.38036
4.91802 0.160309 19.481 3.37996
4.91802 41.7537 19.481 3.37996
17.7973 28.1455 13.4851 3.37396
34.4106 0.887494 13.1296 3.36883
34.4106 42.4808 13.1296 3.36883
21.1316 11.4744 -2.30216 3.3538
21.1316 11.4744 39.2912 3.3538
5.29192 -2.29114 6.51286 3.35061
5.29192 39.3022 6.51286 3.35061
13.9178 23.7402 9.01365 3.34129
22.9315 35.1861 1.32862 3.33829
22.9315 35.1861 42.922 3.33829
32.8399 35.0139 10.0856 3.33571
44.9068 13.5494 28.4936 3.33426
3.31342 13.5494 28.4936 3.33426
41.5492 30.3166 28.0155 3.33183
-0.0441494 30.3166 28.0155 3.33183
26.5153 28.3798 32.686 3.32878
16.2492 0.916607 29.0666 3.31837
16.2492 42.51 29.0666 3.31837
28.9821 18.8419 8.24369 3.3071
5.63359 21.5192 35.5564 3.29361
5.75473 21.5722 0.850505 3.29102
5.75473 21.5722 42.4439 3.29102
3.54719 7.26232 22.1509 3.28667
29.1794 16.9121 24.8026 3.28657
39.6342 18.3919 25.9175 3.28315
-1.95919 18.3919 25.9175 3.28315
6.19063 19.8771 28.6553 3.2765
14.2877 30.8013 22.8418 3.27501
7.46545 5.81915 2.76032 3.26982
7.46545 5.81915 44.3537 3.26982
23.1073 22.6508 15.65 3.26476
30.2579 33.1165 29.4895 3.25871
30.635 41.1596 6.63503 3.25494
30.635 -0.433753 6.63503 3.25494
13.9713 41.975 37.767 3.25489
13.9713 0.381663 37.767 3.25489
9.35257 36.8327 -1.6119 3.25059
9.35257 36.8327 39.9814 3.25059
32.5046 30.1573 35.2168 3.24336
13.5915 14.3282 11.0074 3.23013
27.2378 9.7067 31.9199 3.22498
8.86218 33.3244 25.6528 3.22004
12.9157 38.4425 24.4537 3.211
12.9157 -3.15081 24.4537 3.211
2.58241 15.9374 15.2509 3.20538
44.1758 15.9374 15.2509 3.20538
34.19 3.80124 32.8144 3.20365
24.474 39.8168 9.37693 3.193
24.474 -1.77651 9.37693 3.193
29.4041 20.7889 35.8188 3.19084
4.17412 14.8696 21.9998 3.18655
37.4292 17.0262 10.9408 3.18592
27.7853 3.26339 32.8782 3.18556
22.9607 33.9273 14.3224 3.17159
5.84432 13.321 3.11661 3.15672
5.84432 13.321 44.71 3.15672
30.8154 10.199 22.4336 3.15476
6.62285 9.54186 12.1808 3.15365
5.96605 32.0042 17.5805 3.1518
19.3939 19.1056 20.852 3.14368
17.7888 27.3082 37.8027 3.13647
21.1068 33.9777 21.2527 3.13448
32.0495 5.10846 0.983925 3.13001
32.0495 5.10846 42.5773 3.13001
12.1981 4.25822 12.946 3.12838
11.663 22.6965 21.9315 3.12667
7.17068 17.4307 8.90433 3.12664
-2.53118 25.1487 4.05509 3.12548
39.0622 25.1487 4.05509 3.12548
14.1023 23.9779 32.1406 3.12522
31.6957 23.8178 3.79221 3.1227
37.1811 35.3085 29.4493 3.12236
20.6785 25.6442 25.5275 3.12098
19.7531 44.5863 7.64513 3.11918
19.7531 2.99291 7.64513 3.11918
9.29518 39.9485 29.4393 3.11776
9.29518 -1.64487 29.4393 3.11776
37.9402 9.92806 25.7369 3.11553
24.0305 19.0164 40.2194 3.11216
24.0305 19.0164 -1.37397 3.11216
-2.27491 14.5084 32.3866 3.112
39.3184 14.5084 32.3866 3.112
35.4115 15.6716 42.4935 3.11052
35.4115 15.6716 0.900143 3.11052
11.5464 15.4684 26.6068 3.10732
29.4141 -0.366248 25.6138 3.10717
29.4141 41.2271 25.6138 3.10717
19.1073 2.7344 23.5407 3.10252
19.1073 44.3277 23.5407 3.10252
-0.938645 21.2661 18.5395 3.09897
40.6547 21.2661 18.5395 3.09897
5.87306 31.0727 31.9517 3.09807
34.3406 19.2877 31.0066 3.09321
-2.10571 28.1592 37.2201 3.08615
39.4876 28.1592 37.2201 3.08615
10.2825 44.4221 22.4335 3.08559
10.2825 2.82878 22.4335 3.08559
12.7372 7.71701 28.449 3.0798
28.8903 38.5553 15.2096 3.07894
28.8903 -3.03807 15.2096 3.07894
-1.40267 11.4805 17.8717 3.07679
40.1907 11.4805 17.8717 3.07679
14.2486 5.80034 4.61678 3.07609
42.6266 32.113 21.7448 3.06262
1.03327 32.113 21.7448 3.06262
4.30252 26.0548 19.2655 3.06091
5.33685 -0.0254937 34.3542 3.05045
5.33685 41.5679 34.3542 3.05045
19.4789 8.93119 27.5964 3.04844
20.0615 4.8037 32.8916 3.04782
24.628 12.9691 17.27 3.04374
27.5222 5.83102 12.4764 3.0429
11.7245 34.1929 10.7713 3.04091
15.3567 37.3581 33.6586 3.0353
14.2019 16.5867 43.0828 3.03496
14.2019 16.5867 1.48941 3.03496
0.238907 9.02928 4.22061 3.03169
41.8323 9.02928 4.22061 3.03169
25.9192 5.52502 27.0621 3.02967
-1.33837 24.014 30.9046 3.02221
40.255 24.014 30.9046 3.02221
19.7908 42.9823 14.7553 3.0178
19.7908 1.38892 14.7553 3.0178
41.6792 18.8626 2.28706 3.01763
0.0858655 18.8626 43.8804 3.01763
0.0858655 18.8626 2.28706 3.01763
41.6792 18.8626 43.8804 3.01763
12.6172 31.2167 31.6024 3.01389
13.7074 8.21879 37.5178 3.01268
35.0705 7.73669 15.4305 3.01243
4.37246 37.7923 13.1884 3.00977
34.5793 5.37589 23.2759 3.00959
26.7757 -0.666439 -1.82391 3.00802
26.7757 -0.666439 39.7694 3.00802
26.7757 40.9269 39.7694 3.00802
26.7757 40.9269 -1.82391 3.00802
33.9727 19.996 21.5744 2.99795
12.5442 -1.84987 3.93978 2.99086
12.5442 39.7435 3.93978 2.99086
31.8387 9.47423 8.25966 2.9907
28.207 24.1044 12.1486 2.99033
29.081 3.48033 19.453 2.99003
-2.73435 -0.255935 8.34256 2.98698
38.859 -0.255935 8.34256 2.98698
38.859 41.3374 8.34256 2.98698
-2.73435 41.3374 8.34256 2.98698
21.6813 16.7198 26.1726 2.98676
2.55069 33.5598 38.5926 2.98651
44.144 33.5598 38.5926 2.98651
34.2793 25.167 16.8377 2.98393
15.4737 12.935 22.0301 2.98169
33.0711 13.5087 28.935 2.97519
7.79574 28.1335 2.0571 2.97138
7.79574 28.1335 43.6504 2.97138
28.206 12.7607 38.2658 2.97053
21.7006 10.8194 12.1736 2.96085
24.0829 -2.47194 23.2867 2.95931
24.0829 39.1214 23.2867 2.95931
42.7768 31.3106 11.2219 2.95608
1.18344 31.3106 11.2219 2.95608
25.9678 29.7209 5.44195 2.95385
43.6927 14.6567 38.5581 2.95147
2.09931 14.6567 38.5581 2.95147
25.6611 22.3118 30.3027 2.9489
8.06625 26.646 28.0499 2.94091
3.29437 3.26021 9.12849 2.94091
19.8262 19.3361 9.47194 2.92891
19.553 42.5832 -0.114772 2.92862
19.553 0.989814 41.4786 2.92862
19.553 0.989814 -0.114772 2.92862
19.553 42.5832 41.4786 2.92862
-2.19205 26.2857 22.5827 2.92781
39.4013 26.2857 22.5827 2.92781
7.17742 30.0661 10.4172 2.9253
37.6024 34.0158 35.7685 2.91919
41.6982 44.14 15.9792 2.90796
0.104816 44.14 15.9792 2.90796
0.104816 2.54669 15.9792 2.90796
41.6982 2.54669 15.9792 2.90796
37.2545 31.7479 6.86859 2.90467
24.6416 5.34369 40.9464 2.90397
24.6416 5.34369 -0.646917 2.90397
12.7947 25.5995 16.4811 2.90013
35.9109 14.322 21.2605 2.89327
24.6543 15.6158 34.053 2.89277
19.7039 33.5307 37.1778 2.88735
11.3711 18.3775 35.166 2.88578
22.7236 39.3785 35.5073 2.88535
22.7236 -2.21487 35.5073 2.88535
30.8157 29.0661 9.9389 2.88028
11.5025 10.3996 1.68657 2.87639
11.5025 10.3996 43.2799 2.87639
37.3377 5.08972 5.93873 2.87319
8.09829 33.5979 5.27611 2.86786
11.4194 18.4123 15.0044 2.85473
20.4467 27.0411 32.4141 2.84454
33.6175 38.0927 21.405 2.83447
-1.98293 42.1783 34.8531 2.82668
-1.98293 0.584928 34.8531 2.82668
39.6104 0.584928 34.8531 2.82668
39.6104 42.1783 34.8531 2.82668
28.4665 33.3042 23.5874 2.82285
24.4827 41.7884 3.55939 2.82051
24.4827 0.19503 3.55939 2.82051
13.2587 26.0136 1.15679 2.81583
13.2587 26.0136 42.7501 2.81583
23.2378 27.8872 20.2987 2.81102
9.6747 4.90508 33.3385 2.81014
33.2614 -1.94659 31.2218 2.80207
33.2614 39.6468 31.2218 2.80207
23.0999 0.308066 28.7476 2.80137
23.0999 41.9014 28.7476 2.80137
3.11566 24.8357 7.41679 2.8002
15.836 9.21621 16.816 2.796
-0.361025 8.92822 37.9195 2.79054
41.2323 8.92822 37.9195 2.79054
29.7045 18.5105 0.211137 2.78898
29.7045 18.5105 41.8045 2.78898
18.5665 21.2559 -1.60605 2.78354
18.5665 21.2559 39.9873 2.78354
32.1956 24.8008 31.978 2.77568
24.5789 31.143 27.2968 2.76381
37.7373 31.4134 42.8165 2.76267
37.7373 31.4134 1.22318 2.76267
7.37876 5.5686 27.0762 2.75757
31.7595 12.3881 16.3337 2.75518
12.5106 23.4168 37.7972 2.75229
21.4112 30.5902 9.02634 2.75139
10.6683 16.5656 20.7728 2.74951
38.0876 13.5874 6.14728 2.74929
17.2751 37.216 -0.617377 2.74879
17.2751 37.216 40.976 2.74879
17.273 20.509 26.9797 2.74499
28.3413 22.9217 19.318 2.73151
23.795 17.9335 4.50287 2.7302
15.2129 34.9184 17.8411 2.7281
-0.667815 28.6711 17.2842 2.72619
40.9255 28.6711 17.2842 2.72619
8.06723 14.4552 -2.44285 2.72206
8.06723 14.4552 39.1505 2.72206
27.6977 5.8978 4.84423 2.71734
6.20953 2.56832 13.9359 2.70495
6.20953 44.1617 13.9359 2.70495
32.9742 15.2736 35.45 2.70158
18.2346 10.7803 33.5227 2.70137
9.75121 44.0734 7.76158 2.70052
9.75121 2.48009 7.76158 2.70052
2.34273 13.7253 7.91311 2.6977
43.9361 13.7253 7.91311 2.6977
24.8885 10.3852 23.691 2.6951
10.8462 20.8944 3.92831 2.68984
27.5739 12.59 11.6958 2.68236
33.3141 21.5948 11.8004 2.67965
18.1867 25.1717 20.2872 2.67532
1.10538 20.4122 11.4799 2.66641
42.6987 20.4122 11.4799 2.66641
7.84826 43.1865 40.1874 2.64991
7.84826 1.5932 -1.40598 2.64991
7.84826 43.1865 -1.40598 2.64991
7.84826 1.5932 40.1874 2.64991
13.2018 13.512 32.4477 2.64902
36.5429 3.59513 38.7626 2.64272
4.6958 6.06466 36.2646 2.63979
40.61 20.41 35.3207 2.63842
-0.983296 20.41 35.3207 2.63842
37.8148 8.77763 32.5267 2.63552
3.36581 27.4085 -1.51447 2.62822
3.36581 27.4085 40.0789 2.62822
30.113 26.1585 -1.47777 2.62583
30.113 26.1585 40.1156 2.62583
37.3301 42.3905 19.1653 2.6202
37.3301 0.797204 19.1653 2.6202
18.8982 30.2315 1.09361 2.61265
18.8982 30.2315 42.687 2.61265
5.0696 9.74162 -1.41111 2.61051
5.0696 9.74162 40.1822 2.61051
22.6416 8.77868 3.87144 2.59617
11.2105 8.54085 8.78863 2.59343
18.1717 31.0189 27.9818 2.59158
25.7786 23.8058 43.9246 2.58702
25.7786 23.8058 2.33125 2.58702
2.71214 38.8117 41.8733 2.58644
2.71214 38.8117 0.279921 2.58644
8.56728 36.837 20.1068 2.57686
26.9636 35.4454 5.88511 2.57614
31.6776 43.3808 37.9348 2.55642
31.6776 1.78748 37.9348 2.55642
2.93953 24.5018 26.1429 2.55605
16.2822 7.34888 9.81685 2.53993
36.7211 19.7008 5.46666 2.51759
34.6448 9.76005 3.37305 2.51464
7.52731 10.8626 25.2699 2.51366
18.6655 5.83149 38.194 2.50556
12.3119 40.3757 11.2188 2.49427
12.3119 -1.21766 11.2188 2.49427
17.2112 22.1558 15.6242 2.47975
35.2089 36.4122 4.61848 2.44674
14.8296 25.5907 25.8829 2.43856
23.9631 23.2678 35.4553 2.43125
33.0406 14.837 7.2445 2.41949
11.9018 21.3417 27.8089 2.37323
38.5415 36.1159 23.3321 2.32394
19.0728 37.9751 24.5759 2.2897
15.4487 17.3832 6.61428 2.21794
34.6257 30.4198 13.3743 2.18864
